4.202282428741455078e+00
4.150090217590332031e+00
4.115395069122314453e+00
3.980781555175781250e+00
3.612832069396972656e+00
2.838473558425903320e+00
3.476406574249267578e+00
3.402064085006713867e+00
2.665343761444091797e+00
2.748762607574462891e+00
2.513237476348876953e+00
2.396528005599975586e+00
2.487805843353271484e+00
2.269772291183471680e+00
1.678915143013000488e+00
1.167183041572570801e+00
1.535762667655944824e+00
1.033611178398132324e+00
1.042622327804565430e+00
4.696663618087768555e-01
2.389628589153289795e-01
3.404792547225952148e-01
2.772965133190155029e-01
2.723952233791351318e-01
1.422911286354064941e-01
2.474294900894165039e-01
8.686495572328567505e-02
1.193089485168457031e-01
9.367562830448150635e-02
1.225750148296356201e-01
1.714038848876953125e-01
2.542037367820739746e-01
9.447265416383743286e-02
1.613084524869918823e-01
6.990899145603179932e-02
8.061191439628601074e-02
7.875695824623107910e-02
5.441728606820106506e-02
1.049139350652694702e-01
4.984223470091819763e-02
1.471764892339706421e-01
4.569680690765380859e-01
6.238973885774612427e-02
3.010584115982055664e-01
6.515109539031982422e-02
5.405214428901672363e-02
1.813923716545104980e-01
8.799131214618682861e-02
1.461397707462310791e-01
7.403616607189178467e-02
